PDEW2007 10 16 21  5 43.30 -25.7700  179.5300 509.3 6.2 6.6 SOUTH OF FIJI ISLANDS                   
event name:     200710162105A  
time shift:      0.0000
half duration:   0.0000
latitude:      -25.7000
longitude:     179.7200
depth:         512.3800
Mrr:       2.640000e+25
Mtt:      -4.610000e+25
Mpp:       1.970000e+25
Mrt:      -1.790000e+25
Mrp:      -7.260000e+25
Mtp:      -4.990000e+25