PDEW2015  7  3  1  7 47.30  37.4600   78.1500  20.0 0.0 6.4 SOUTHERN XINJIANG, CHINA                
event name:     201507030107A  
time shift:      0.0000
half duration:   0.0000
latitude:       37.4593
longitude:      78.1542
depth:          20.0000
Mrr:       3.734000e+25
Mtt:      -2.731000e+25
Mpp:      -1.003000e+25
Mrt:      -2.133000e+25
Mrp:       3.265000e+25
Mtp:       1.179000e+25