PDEW2015  7  3  1  7 47.30  37.4600   78.1500  20.0 0.0 6.4 SOUTHERN XINJIANG, CHINA                
event name:     201507030107A  
time shift:      0.0000
half duration:   0.0000
latitude:       37.5800
longitude:      78.1400
depth:          15.6200
Mrr:       3.580000e+25
Mtt:      -3.220000e+25
Mpp:      -3.650000e+24
Mrt:      -3.500000e+25
Mrp:       1.640000e+25
Mtp:       1.370000e+25